Read data files...
End reading data files...
Allocate memory...
Timestep :  1 ||  Time :   0 ||  dt :   0.005 
DIRK stage :  1
3
3
3
3
3
3
3
3
3
3
1.365216e+01   1.250000e+02   
1.170605e+01   1.250000e+02   
9.759928e+00   1.250000e+02   

0.000000e+00   0.000000e+00   0.000000e+00   
1
3
3
3
8.666311e+00   1.250000e+02   
6.854222e+00   1.250000e+02   
5.042133e+00   1.250000e+02   

0.000000e+00   0.000000e+00   0.000000e+00   
1
1.918112e+01   1.250000e+02   
1.701497e+01   1.250000e+02   
1.484881e+01   1.250000e+02   

0.000000e+00   0.000000e+00   0.000000e+00   
1
7.061910e+01   1.250000e+02   
6.425398e+01   1.250000e+02   
5.788885e+01   1.250000e+02   

0.000000e+00   0.000000e+00   0.000000e+00   
1
3
4.251502e+01   1.250000e+02   
3.879433e+01   1.250000e+02   
3.507364e+01   1.250000e+02   

0.000000e+00   0.000000e+00   0.000000e+00   
1
3
8.800752e+01   1.250000e+02   
8.122610e+01   1.250000e+02   
7.444467e+01   1.250000e+02   

0.000000e+00   0.000000e+00   0.000000e+00   
1
3
3
4.863596e+01   0.000000e+00   
5.468750e+01   0.000000e+00   
6.073904e+01   0.000000e+00   

1.000000e+00   1.000000e+00   1.000000e+00   
1
3
3
3
3
3.312024e+01   1.250000e+02   
3.012811e+01   1.250000e+02   
2.713598e+01   1.250000e+02   

0.000000e+00   0.000000e+00   0.000000e+00   
1
3.301096e+01   0.000000e+00   
3.906250e+01   0.000000e+00   
4.511404e+01   0.000000e+00   

1.000000e+00   1.000000e+00   1.000000e+00   
1
6.426096e+01   0.000000e+00   
7.031250e+01   0.000000e+00   
7.636404e+01   0.000000e+00   

1.000000e+00   1.000000e+00   1.000000e+00   
1
3
3
2.553793e+01   1.250000e+02   
2.303837e+01   1.250000e+02   
2.053882e+01   1.250000e+02   

0.000000e+00   0.000000e+00   0.000000e+00   
1
3
1.055171e+02   1.250000e+02   
9.873566e+01   1.250000e+02   
9.195423e+01   1.250000e+02   

0.000000e+00   0.000000e+00   0.000000e+00   
1
3
3
3
3
3
3
3
3
3
3
3
2
3
3
3
3
1.760964e+00   0.000000e+00   
7.812500e+00   0.000000e+00   
1.386404e+01   0.000000e+00   

1.000000e+00   1.000000e+00   1.000000e+00   
1
2
2
7.988596e+01   0.000000e+00   
8.593750e+01   0.000000e+00   
9.198904e+01   0.000000e+00   

1.000000e+00   1.000000e+00   1.000000e+00   
1
3
2
3
3
3
3
3
3
3
3
3
3
3
3
3
3
3
3
3
3
3
3
3
3
3
3
3
3
3
3
3
3
3
3
3
3
3
3
3
3
3
3
3
3
3
3
3
3
3
3
3
3
3
3
3
3
3
3
3
3
3
3
3
3
3
3
3
3
3
3
3
3
3
3
3
3
3
3
3
3
3
3
3
3
3
3
3
3
3
3
3
3
3
3
3
3
3
3
3
3
3
3
3
3
3
3
3
3
3
3
3
3
3
3
3
3
3
3
3
3
3
3
3
3
3
3
3
3
3
3
3
3
3
3
3
3
3
4.005997e+00   1.250000e+02   
2.257413e+00   1.250000e+02   
5.088284e-01   1.250000e+02   

0.000000e+00   0.000000e+00   0.000000e+00   
1
3
3
3
3
3
3
3
3
3
3
3
3
3
3
3
3
3
3
3
3
3
3
3
3
3
2
3
3
3
3
3
3
3
3
3
3
3
3
3
3
3
3
3
3
3
3
5.463475e+01   1.250000e+02   
4.981718e+01   1.250000e+02   
4.499961e+01   1.250000e+02   

0.000000e+00   0.000000e+00   0.000000e+00   
1
3
3
3
3
3
3
3
3
3
3
3
3
3
3
3
3
9.551096e+01   0.000000e+00   
1.015625e+02   0.000000e+00   
1.076140e+02   0.000000e+00   

1.000000e+00   1.000000e+00   1.000000e+00   
1
3
3
2
3
3
3
3
3
3
3
3
3
3
3
3
3
3
3
3
3
3
3
3
3
3
3
3
3
3
3
3
3
3
3
3
3
3
3
1.111360e+02   0.000000e+00   
1.171875e+02   0.000000e+00   
1.232390e+02   0.000000e+00   

1.000000e+00   1.000000e+00   1.000000e+00   
1
2
3
1.230266e+02   1.250000e+02   
1.162452e+02   1.250000e+02   
1.094638e+02   1.250000e+02   

0.000000e+00   0.000000e+00   0.000000e+00   
1
3
3
3
3
3
3
3
3
2
3
3
3
3
3
3
3
3
3
3
3
3
3
3
1.738596e+01   0.000000e+00   
2.343750e+01   0.000000e+00   
2.948904e+01   0.000000e+00   

1.000000e+00   1.000000e+00   1.000000e+00   
1
3
3
3
3
3
3
3
3
3
3
3
3
3
3
3
3
3

Newton iteration:  1
Assembling linear system...
Done writing debug files, exiting
